20
04 01 1.27 2.15 493 04 1.86
01 02 2.21 1.62 327 03 1.59
04 01 1.90 2.26 472 01 0.61
01 02 2.29 1.32 430 03 1.23
04 02 1.29 2.02 322 03 1.69
04 02 2.06 1.61 342 02 1.73
02 02 2.34 1.37 498 01 1.15
03 02 1.76 1.91 480 01 1.73
03 01 1.46 1.31 405 02 1.84
04 01 1.05 1.46 429 02 1.57
01 02 2.32 1.45 314 04 1.84
01 02 1.50 1.37 308 01 1.78
01 01 1.03 2.01 454 04 1.82
01 01 1.18 2.39 312 03 0.86
03 02 1.45 1.70 334 03 0.67
02 02 1.02 2.17 392 01 1.06
02 01 1.86 1.91 365 02 1.44
04 01 2.29 1.81 417 02 1.21
02 02 1.09 2.27 467 01 0.97
02 01 1.65 2.06 383 04 1.24
